абрикос;;0.90;;0.10;;9.00;;44.00;;44.00
абрикосы сушеные без косточки;;5.20;;0.00;;55.00;;234.00;;23.00
абрикосы сушеные с косточкой;;5.00;;0.00;;53.00;;227.00;;26.00
айва;;0.60;;0.50;;7.90;;40.00;;45.00
алыча;;0.20;;0.00;;6.40;;38.00;;24.00
ананас;;0.40;;0.20;;11.50;;47.00;;66.00
апельсин;;0.90;;0.20;;8.10;;40.00;;40.00
арахис;;26.30;;4.20;;9.90;;551.00;;0.00
арбуз;;0.70;;0.20;;8.80;;38.00;;72.00
баклажаны;;1.20;;0.10;;5.10;;24.00;;15.00
банан;;1.50;;0.10;;21.20;;89.00;;77.00
бананы сушеные;;3.90;;1.80;;80.50;;390.00;;65.00
баранина;;22.00;;17.20;;0.00;;243.00;;0.00
батат;;2.00;;0.00;;13.30;;61.00;;0.00
батон простой;;8.00;;0.90;;48.90;;235.00;;78.00
батончик с отрубями;;9.20;;2.80;;51.40;;273.00;;82.00
бекон;;15.30;;50.20;;0.00;;520.00;;0.00
белые грибы;;3.70;;1.70;;1.10;;23.00;;0.00
белые грибы сушеные;;20.10;;4.80;;7.60;;152.00;;0.00
блины;;5.10;;3.10;;34.30;;186.00;;66.00
блины с творогом и сметаной;;25.80;;33.10;;55.20;;640.00;;71.00
бобы;;6.00;;0.10;;8.50;;60.00;;25.00
бренди;;0.00;;0.00;;0.50;;225.00;;0.00
брокколи;;3.40;;0.00;;6.50;;30.00;;0.00
брынза из коровьего молока;;17.90;;20.10;;0.00;;260.00;;49.00
брынза из овечьего молока;;14.60;;25.50;;0.00;;298.00;;56.00
бублики;;9.00;;1.10;;58.00;;284.00;;85.00
ватрушка с творогом;;10.60;;12.30;;40.10;;318.00;;92.00
вафли с жиросодержащими начинками;;3.40;;30.20;;64.70;;539.00;;86.00
вафли с фруктовой начинкой;;3.20;;2.80;;80.10;;350.00;;86.00
вермут;;0.00;;0.00;;15.90;;158.00;;0.00
ветчина;;22.60;;20.90;;0.00;;279.00;;0.00
вино белое сладкое 12% алкоголя;;0.00;;0.00;;5.90;;98.00;;56.00
вино белое сухое 12% алкоголя;;0.00;;0.00;;0.20;;66.00;;50.00
вино красное 12% алкоголя;;0.00;;0.00;;2.30;;76.00;;0.00
виноград;;0.60;;0.20;;15.50;;65.00;;44.00
виноград сушеный;;1.80;;0.00;;66.00;;262.00;;38.00
виски;;0.00;;0.00;;0.00;;220.00;;0.00
вишня;;0.80;;0.50;;10.30;;52.00;;32.00
водка;;0.00;;0.00;;0.10;;235.00;;0.00
воздушная кукуруза;;13.00;;4.00;;72.00;;382.00;;119.00
галеты;;9.20;;10.20;;68.40;;415.00;;54.00
галеты;;9.20;;10.20;;68.40;;415.00;;75.00
говядина;;25.80;;16.80;;0.00;;254.00;;0.00
горбуша;;22.90;;7.80;;0.00;;168.00;;54.00
горох сушеный;;20.50;;2.00;;48.60;;298.00;;32.00
горошек зеленый;;5.00;;0.20;;12.80;;73.00;;60.00
гранат;;0.90;;0.00;;11.20;;52.00;;62.00
грейпфрут;;0.90;;0.20;;6.50;;35.00;;69.00
грудинка сырокопченая;;8.90;;63.30;;0.00;;605.00;;0.00
грузди;;1.80;;0.80;;0.50;;16.00;;0.00
груша;;0.40;;0.30;;9.50;;42.00;;57.00
гуляш;;12.30;;12.20;;3.90;;175.00;;0.00
гусь;;15.20;;39.00;;0.00;;411.80;;0.00
джин;;0.00;;0.00;;0.00;;220.00;;0.00
дыня;;0.60;;0.00;;9.10;;38.00;;69.00
желатин пищевой;;87.20;;0.40;;0.70;;355.00;;69.00
жир бараний топленый;;0.00;;99.70;;0.00;;897.00;;0.00
жир свиной ;;0.00;;99.70;;0.00;;897.00;;0.00
земляника;;0.80;;0.40;;6.30;;34.00;;65.00
зубатка;;15.50;;5.80;;0.00;;114.00;;0.00
икра горбуши зернистая;;31.20;;11.70;;0.00;;230.00;;0.00
икра осетровая зернистая;;31.20;;28.90;;9.70;;203.00;;0.00
индейка;;25.30;;10.40;;0.00;;195.00;;0.00
инжир;;3.10;;1.20;;53.20;;238.00;;52.00
йогурт 1.5% жирности;;5.00;;1.50;;3.50;;51.00;;47.00
йогурт 3.2% жирности;;5.00;;3.20;;8.50;;85.00;;48.00
кабачки;;0.60;;0.30;;4.90;;23.00;;15.00
какао порошок;;24.20;;17.50;;27.90;;380.00;;0.00
кальмар;;18.00;;4.20;;0.00;;110.00;;0.00
камбала;;18.30;;3.30;;0.00;;103.00;;0.00
капуста белокочанная;;1.80;;0.10;;4.70;;27.00;;0.00
капуста брюссельская;;4.80;;0.00;;5.90;;43.00;;0.00
капуста квашеная;;1.80;;0.00;;2.20;;19.00;;0.00
капуста кольраби;;2.80;;0.00;;7.90;;42.00;;0.00
капуста краснокочанная;;0.80;;0.00;;5.20;;24.00;;0.00
капуста пекинская;;1.20;;0.20;;2.20;;16.00;;0.00
капуста цветная;;2.50;;0.00;;4.90;;29.00;;20.00
карась;;20.70;;2.10;;0.00;;102.00;;0.00
карп;;19.40;;5.30;;0.00;;125.00;;0.00
картофель;;2.00;;0.40;;16.30;;80.00;;80.00
каштаны жареные;;3.20;;2.20;;33.80;;182.00;;0.00
квас;;0.20;;0.00;;5.00;;25.00;;0.00
кедровые орешки;;12.00;;61.00;;12.00;;629.00;;0.00
кефир 2.5% жирности;;2.90;;2.50;;3.90;;53.00;;45.00
кефир жирный;;2.80;;3.20;;4.10;;56.00;;45.00
кефир нежирный;;3.00;;0.05;;3.80;;30.00;;45.00
кешью;;25.20;;53.60;;12.60;;633.00;;0.00
клубника;;0.90;;0.50;;7.20;;36.00;;32.00
клюква;;0.50;;0.00;;3.80;;26.00;;45.00
кокосовый орех;;3.40;;33.50;;29.50;;380.00;;0.00
колбаса диетическая;;12.10;;13.50;;0.00;;170.00;;0.00
колбаса докторская;;12.80;;22.20;;1.50;;257.00;;0.00
колбаса закусочная;;15.00;;33.00;;2.30;;366.00;;0.00
колбаса зернистая;;9.90;;63.20;;0.00;;608.00;;0.00
колбаса краковская;;16.20;;44.60;;0.00;;466.00;;0.00
колбаса любительская;;12.20;;28.00;;0.00;;301.00;;0.00
колбаса любительская;;20.90;;47.80;;0.00;;514.00;;0.00
колбаса молочная;;11.70;;22.80;;0.00;;252.00;;0.00
колбаса московская;;11.50;;21.80;;2.00;;250.00;;0.00
колбаса одесская;;14.80;;38.10;;0.00;;402.00;;0.00
колбаса полтавская;;16.40;;39.00;;0.00;;417.00;;0.00
колбаса салями;;19.30;;45.00;;1.90;;485.00;;0.00
колбаса свиная;;10.20;;25.10;;1.90;;274.00;;0.00
колбаса свиная;;13.00;;57.30;;0.00;;568.00;;0.00
колбаса сервелат;;16.10;;40.10;;0.00;;425.00;;0.00
колбаса сервелат;;24.00;;40.50;;0.00;;461.00;;0.00
колбаса столичная;;15.10;;28.70;;0.00;;319.00;;0.00
колбаса столичная;;24.00;;43.40;;1.90;;487.00;;0.00
колбаса таллинская;;17.10;;33.80;;0.00;;373.00;;0.00
колбаса украинская;;16.50;;34.40;;0.00;;376.00;;0.00
колбаса чайная;;11.70;;18.40;;1.90;;216.00;;0.00
коньяк;;0.00;;0.00;;0.10;;239.00;;0.00
кофе натуральный;;13.90;;14.40;;2.80;;202.00;;0.00
кофе растворимый;;15.00;;3.60;;0.00;;95.00;;0.00
краб;;16.00;;3.60;;0.00;;96.00;;0.00
креветка;;18.90;;2.20;;0.00;;95.00;;0.00
крекеры;;9.20;;14.10;;66.10;;439.00;;71.00
криль;;20.60;;1.70;;0.00;;98.00;;0.00
кролик;;24.60;;11.70;;0.00;;204.00;;0.00
крупа гречневая;;12.60;;2.60;;68.00;;330.00;;54.00
крупа кукурузная;;8.30;;1.20;;71.60;;337.00;;95.00
крупа манная;;10.30;;1.00;;67.70;;328.00;;89.00
крупа овсяная;;11.00;;6.10;;49.70;;303.00;;55.00
крупа перловая;;9.30;;1.10;;66.50;;320.00;;22.00
крупа ячневая;;10.00;;1.30;;66.30;;324.00;;55.00
крыжовник;;0.70;;0.20;;9.10;;43.00;;72.00
кукурузные зерна;;3.00;;0.80;;0.00;;103.00;;82.00
куриная грудка;;21.62;;8.30;;0.20;;168.00;;0.00
куриные котлеты;;18.00;;8.00;;15.20;;206.00;;0.00
курица;;25.20;;7.40;;0.00;;170.00;;0.00
лаваш;;9.10;;1.10;;56.00;;277.00;;82.00
лещ;;20.90;;4.70;;0.00;;126.00;;0.00
ликер 24% алкоголя;;0.00;;0.00;;53.00;;345.00;;0.00
лимон;;0.90;;0.10;;3.00;;33.00;;45.00
лисички;;1.60;;1.10;;1.50;;20.00;;0.00
лосось;;24.00;;6.50;;0.00;;176.00;;0.00
лук зеленый перо;;1.30;;0.00;;3.50;;19.00;;0.00
лук порей;;2.00;;0.00;;6.50;;33.00;;16.00
лук репчатый;;1.40;;0.00;;9.10;;41.00;;15.00
майонез провансаль;;2.40;;67.00;;3.90;;627.00;;0.00
макароны высшего сорта;;10.40;;1.10;;69.70;;337.00;;85.00
макароны яичные;;11.30;;2.10;;68.00;;345.00;;86.00
макрель;;2.80;;3.60;;0.00;;124.00;;0.00
малина;;0.80;;0.30;;8.30;;43.00;;73.00
манго;;0.50;;0.27;;11.50;;67.00;;80.00
мандарин;;0.80;;0.30;;8.10;;40.00;;35.00
маргарин молочный;;0.30;;82.00;;17.40;;743.00;;0.00
маргарин сливочный;;0.30;;82.00;;21.00;;743.00;;0.00
маргарин солнечный;;0.30;;72.00;;0.00;;653.00;;0.00
масло арахисовое рафинированное;;0.00;;99.90;;0.00;;899.00;;0.00
масло горчичное;;0.00;;99.80;;0.00;;898.00;;0.00
масло крестьянское несоленое;;0.80;;72.50;;0.00;;661.00;;52.00
масло кукурузное;;0.00;;99.90;;0.00;;899.00;;0.00
масло оливковое;;0.00;;99.80;;0.00;;898.00;;0.00
масло оливковое рафинированное;;0.00;;99.80;;0.00;;898.00;;0.00
масло подсолнечное;;0.00;;99.90;;0.00;;899.00;;0.00
масло подсолнечное рафинированное;;0.00;;99.90;;0.00;;899.00;;0.00
масло сливочное бутербродное;;2.50;;61.50;;0.00;;566.00;;51.00
масло сливочное несоленое;;0.50;;82.50;;0.00;;748.00;;52.00
масло соевое рафинированное;;0.00;;99.90;;0.00;;899.00;;0.00
маслята;;2.40;;0.70;;0.50;;9.00;;0.00
мед;;0.80;;0.00;;80.30;;314.00;;83.00
мидии;;9.10;;1.50;;0.00;;50.00;;0.00
миндаль;;18.60;;57.70;;20.50;;649.00;;0.00
минтай;;17.60;;1.00;;0.00;;79.00;;0.00
мозги говяжьи;;11.70;;8.60;;0.00;;124.00;;0.00
молоко 1.5% жирности;;2.85;;1.50;;4.78;;44.00;;49.00
молоко 2.5% жирности;;2.82;;2.50;;4.73;;52.00;;49.00
молоко 3.2% жирности;;2.80;;3.20;;4.70;;58.00;;48.00
молоко 3.5% жирности;;2.79;;3.50;;4.69;;61.00;;49.00
молоко 6% жирности;;3.00;;6.00;;4.70;;84.00;;51.00
молоко обезжиренное;;3.00;;0.05;;4.70;;31.00;;46.00
молочное мороженное;;3.20;;3.50;;21.30;;126.00;;84.00
морковь;;1.30;;0.10;;7.20;;34.00;;101.00
мороженное крем-брюле;;3.50;;3.50;;23.00;;134.00;;85.00
морская капуста;;0.90;;0.20;;0.00;;5.00;;0.00
мука кукурузная диетическая;;7.20;;1.50;;70.20;;330.00;;85.00
мука пшеничная высшего сорта;;10.30;;1.10;;68.90;;334.00;;62.00
мука ржаная;;9.90;;1.75;;58.20;;295.00;;87.00
мука рисовая диетческая;;7.40;;0.60;;82.00;;371.00;;56.00
мясной хлеб;;12.90;;21.80;;2.00;;256.00;;0.00
налим;;21.40;;0.70;;0.00;;92.00;;0.00
огурцы;;0.80;;0.10;;2.60;;14.00;;15.00
огурцы соленые;;0.80;;0.10;;1.60;;13.00;;30.00
окорочка жареные;;29.40;;8.60;;0.00;;195.00;;0.00
окунь морской;;19.90;;3.60;;0.00;;112.00;;0.00
оладьи;;0.70;;6.60;;39.68;;225.00;;69.00
оливки зеленые;;1.40;;12.70;;1.38;;123.00;;0.00
оливки черные;;2.20;;36.00;;8.70;;361.00;;0.00
омлет;;9.60;;15.40;;1.90;;184.00;;49.00
опята;;2.20;;1.20;;0.50;;17.00;;0.00
орехи грецкие;;15.60;;62.00;;18.30;;700.00;;0.00
отруби пшеничные;;15.10;;3.80;;23.50;;191.00;;77.00
охотничьи колбаски;;25.70;;40.00;;0.00;;463.00;;0.00
палтус;;14.00;;17.80;;0.00;;216.00;;0.00
патиссоны;;0.60;;0.10;;4.10;;19.00;;0.00
перец зеленый;;1.30;;0.00;;5.30;;26.00;;0.00
перец красный сладкий;;1.30;;0.00;;5.30;;27.00;;0.00
персик;;0.90;;0.10;;10.50;;44.00;;60.00
персики сушеные;;3.00;;0.00;;54.20;;227.00;;65.00
петрушка;;3.70;;0.40;;8.00;;49.00;;0.00
петрушка корень;;1.60;;0.60;;10.50;;53.00;;0.00
печень говяжья;;17.90;;3.70;;0.00;;105.00;;0.00
печень куриная;;20.40;;5.90;;1.40;;140.00;;0.00
печень свиная;;18.80;;3.80;;0.00;;109.00;;0.00
печень трески;;17.50;;2.00;;0.00;;88.00;;0.00
печень трески;;17.50;;2.00;;0.00;;88.00;;0.00
печенье затяжное;;8.30;;8.80;;75.60;;418.00;;86.00
печенье сахарное;;7.50;;11.80;;74.40;;435.00;;82.00
печенье сдобное;;10.40;;5.20;;76.80;;458.00;;80.00
пиво ;;0.30;;0.00;;4.40;;38.00;;45.00
пирог с мясом;;13.20;;7.50;;41.20;;284.00;;76.00
пирог с повидлом;;5.30;;2.10;;61.00;;284.00;;68.00
пирожное бисквитное с фруктовой начинкой;;4.70;;9.30;;64.20;;351.00;;82.00
пирожное заварное;;5.90;;10.20;;55.20;;329.00;;83.00
пирожное крошковое;;6.10;;23.80;;51.40;;438.00;;76.00
пирожное песочное с фруктовой начинкой;;5.10;;18.50;;62.60;;435.00;;79.00
пирожное слоеное с кремом;;5.40;;38.60;;46.70;;555.00;;86.00
пирожное слоеное с фруктовой начинкой;;5.70;;25.60;;52.70;;466.00;;76.00
пломбир;;3.20;;15.00;;20.80;;227.00;;50.00
пломбир крем-брюле;;3.00;;15.00;;23.00;;235.00;;86.00
пломбир шоколадный;;3.60;;15.00;;22.30;;236.00;;85.00
подберезовики;;2.30;;0.90;;1.40;;23.00;;0.00
подберезовики сушеные;;23.50;;9.20;;14.30;;231.00;;0.00
подосиновики;;3.30;;0.50;;1.20;;22.00;;0.00
подосиновики сушеные;;35.40;;5.40;;12.90;;239.00;;0.00
помидоры;;1.10;;0.20;;3.80;;23.00;;15.00
пончики;;5.60;;13.00;;38.80;;296.00;;79.00
портвейн;;0.00;;0.00;;13.70;;167.00;;0.00
почки говяжьи;;15.20;;2.80;;0.00;;86.00;;0.00
почки свиные;;15.00;;3.60;;0.00;;92.00;;0.00
простокваша;;2.80;;3.20;;4.10;;58.00;;43.00
пряники;;4.80;;2.80;;77.70;;350.00;;85.00
путассу;;17.90;;1.00;;0.00;;81.00;;0.00
пшено;;11.50;;3.30;;66.50;;348.00;;77.00
ревень;;0.70;;0.10;;2.50;;16.00;;0.00
редис;;1.20;;0.10;;3.80;;21.00;;0.00
редька;;1.90;;0.20;;6.50;;35.00;;0.00
репа;;1.50;;0.00;;5.30;;27.00;;72.00
рис;;7.00;;0.60;;73.30;;323.00;;88.00
рис коричневый;;6.30;;4.40;;65.10;;331.00;;69.00
ром;;0.00;;0.00;;0.00;;220.00;;0.00
рыжики;;1.90;;0.80;;0.50;;17.00;;0.00
рябина черноплодная;;1.50;;0.10;;10.90;;52.00;;31.00
ряжанка 6% жирности;;5.00;;6.00;;4.10;;84.00;;48.00
сайка простая;;7.80;;2.40;;50.30;;259.00;;80.00
салака;;22.00;;7.30;;0.00;;153.00;;0.00
салат;;1.50;;0.20;;2.30;;17.00;;10.00
салат кочанный;;1.40;;0.20;;0.80;;11.00;;0.00
сардельки говяжьи;;11.40;;18.20;;1.50;;215.00;;0.00
сардельки свиные;;10.10;;31.60;;1.90;;332.00;;0.00
сардина;;20.10;;10.80;;0.00;;178.00;;0.00
сахар песок;;0.00;;0.00;;99.80;;379.00;;92.00
сахар рафинад;;99.80;;0.00;;0.00;;379.00;;92.00
свекла;;1.50;;0.10;;9.10;;42.00;;91.00
свинина;;22.60;;51.60;;0.00;;375.00;;0.00
сельдерей;;1.30;;0.30;;6.10;;32.00;;0.00
сельдь атлантическая;;17.00;;8.50;;0.00;;145.00;;0.00
семечки подсолнуха сушенные;;23.00;;49.50;;18.80;;610.00;;0.00
семечки тыквы сушеные;;24.50;;46.00;;17.80;;580.00;;0.00
сердце говяжье;;16.00;;3.50;;0.00;;96.00;;0.00
сердце кур;;15.80;;10.30;;0.80;;159.00;;0.00
сердце свиное;;16.20;;4.00;;0.00;;101.00;;0.00
скумбрия;;19.60;;14.70;;0.00;;211.00;;0.00
слива;;0.80;;0.00;;9.60;;43.00;;25.00
сливки 10% жирности;;3.00;;10.00;;4.00;;118.00;;52.00
сливки 20% жирности;;2.80;;20.00;;3.70;;206.00;;54.00
сливки 35% жирности;;2.50;;35.00;;3.00;;337.00;;55.00
сливки взбитые с ванилью;;2.80;;28.00;;21.60;;346.00;;55.00
сливочное мороженное;;3.30;;10.00;;19.80;;179.00;;85.00
сметана 10% жирности;;3.00;;10.00;;2.90;;115.00;;55.00
сметана 20% жирности;;2.80;;20.00;;3.20;;206.00;;56.00
сметана 25% жирности;;2.60;;25.00;;2.70;;248.00;;65.00
сметана 30% жирности;;2.40;;30.00;;3.10;;294.00;;65.00
смородина белая;;0.30;;0.00;;8.00;;38.00;;35.00
смородина красная;;0.60;;0.20;;7.30;;39.00;;30.00
смородина черная;;1.00;;0.20;;7.30;;38.00;;32.00
сморчки;;2.90;;0.40;;0.20;;16.00;;0.00
соломка сладкая;;9.70;;6.00;;69.20;;373.00;;86.00
сом;;18.40;;13.60;;0.00;;196.00;;0.00
сосиски говяжьи;;10.40;;20.10;;0.80;;226.00;;0.00
сосиски любительские;;9.00;;29.50;;0.70;;304.00;;0.00
сосиски молочные;;11.00;;23.90;;1.60;;266.00;;0.00
сосиски особые;;11.80;;24.70;;0.00;;270.00;;0.00
соя сушеная;;34.90;;17.30;;9.20;;332.00;;0.00
спаржа;;1.90;;0.10;;3.20;;21.00;;0.00
ставрида;;20.60;;5.60;;0.00;;133.00;;0.00
судак;;21.30;;1.30;;0.00;;97.00;;0.00
сулугуни;;14.60;;22.00;;0.00;;285.00;;48.00
сушка простая;;10.90;;1.30;;68.00;;225.00;;74.00
сыр голландский;;26.00;;26.80;;0.00;;352.00;;56.00
сыр костромской;;25.20;;26.30;;0.00;;345.00;;56.00
сыр плавленый колбасный копченый;;23.00;;19.00;;0.00;;270.00;;56.00
сыр плавленый российский;;22.00;;27.00;;0.00;;340.00;;57.00
сыр пошехонский;;26.00;;26.50;;0.00;;350.00;;56.00
сыр прибалтийский;;30.00;;9.00;;0.00;;209.00;;56.00
сыр рокфор;;20.00;;28.00;;0.00;;337.00;;56.00
сыр российский;;23.00;;29.00;;0.00;;360.00;;56.00
сыр чеддер;;23.50;;30.50;;0.00;;379.00;;56.00
сыр швейцарский;;24.90;;31.80;;0.00;;396.00;;56.00
сыр эстонский;;26.00;;26.50;;0.00;;350.00;;56.00
сыр ярославский;;26.80;;27.30;;0.00;;361.00;;56.00
сырки глазированые;;8.50;;27.80;;32.00;;407.00;;52.00
сыроежки;;1.70;;0.70;;1.50;;15.00;;0.00
творог 18% жирности;;14.00;;18.00;;2.80;;232.00;;52.00
творог 2% жирности;;17.00;;2.00;;1.50;;115.00;;50.00
творог нежирный.;;18.00;;0.60;;1.80;;88.00;;51.00
тесто дрожжевое;;6.80;;2.30;;48.00;;244.00;;89.00
тесто дрожжевое сдобное;;7.50;;7.60;;45.30;;283.00;;86.00
тесто слоеное пресное;;6.00;;18.60;;36.80;;344.00;;74.00
толокно;;11.50;;6.00;;50.20;;306.00;;0.00
торт бисквитный с орехово-сливочным кремом;;5.60;;20.00;;58.80;;391.00;;85.00
торт бисквитный с фруктовой начинкой;;4.70;;11.80;;49.80;;356.00;;84.00
торт бисквитный с шоколадным кремом;;4.04;;12.40;;53.60;;335.00;;84.00
торт слоеный с кремом;;5.00;;37.40;;44.00;;533.00;;86.00
треска;;17.80;;0.70;;0.00;;78.00;;0.00
тунец консервированный;;22.70;;0.70;;0.00;;96.00;;0.00
укроп;;2.50;;0.50;;4.10;;31.00;;0.00
утка;;19.70;;18.80;;0.00;;248.00;;0.00
фасоль;;3.00;;0.30;;3.00;;31.00;;40.00
фасоль сушеная;;21.00;;2.00;;46.60;;292.00;;30.00
финики сушеные;;2.00;;0.50;;72.30;;306.00;;103.00
фисташки;;20.50;;48.51;;25.00;;610.00;;0.00
фундук;;16.10;;66.90;;9.90;;707.00;;0.00
хлеб белково отрубной;;23.50;;3.40;;11.30;;216.00;;85.00
хлеб пшеничный подовый;;8.70;;1.50;;38.40;;209.00;;99.00
хлеб ржаной подовый;;6.10;;1.20;;41.90;;206.00;;92.00
хрен;;2.50;;0.40;;7.60;;44.00;;0.00
цыплята отварные;;24.60;;5.00;;0.00;;143.00;;0.00
цыплята табака;;25.00;;21.00;;0.20;;271.00;;0.00
чай черный;;20.00;;5.10;;4.00;;146.00;;0.00
чебуреки;;8.90;;13.50;;26.20;;264.00;;85.00
черешня;;1.10;;0.40;;10.60;;53.00;;37.00
черника;;1.10;;0.60;;8.00;;44.00;;46.00
чернослив;;2.30;;0.00;;58.40;;242.00;;46.00
чеснок;;6.50;;0.00;;5.20;;46.00;;0.00
чечевица;;24.00;;1.50;;42.70;;284.00;;36.00
шампиньоны;;4.30;;1.00;;0.10;;27.00;;0.00
шарлотка;;3.50;;6.00;;30.73;;186.00;;95.00
шелковица;;0.70;;0.00;;12.00;;50.00;;35.00
шерри;;0.00;;0.00;;0.10;;152.00;;0.00
шиповник сушеный;;3.40;;0.00;;21.50;;110.00;;16.00
шоколад молочный;;6.90;;35.70;;52.60;;550.00;;75.00
шоколад черный;;6.90;;33.65;;50.20;;520.00;;70.00
шоколадное мороженное;;4.20;;3.50;;23.00;;138.00;;86.00
шпик свиной;;1.40;;90.00;;0.00;;816.00;;0.00
шпинат;;2.90;;0.30;;2.00;;22.00;;0.00
щавель;;1.50;;0.00;;3.00;;19.00;;0.00
щука;;21.30;;1.30;;0.00;;97.00;;0.00
яблоки;;0.20;;0.36;;8.00;;37.00;;54.00
яблоки сушеные;;2.28;;0.00;;60.30;;259.00;;27.00
язык говяжий;;12.20;;10.90;;0.00;;146.00;;0.00
яичница-глазунья;;12.90;;20.90;;0.90;;243.00;;51.00
яичный порошок;;46.00;;37.40;;4.50;;542.00;;53.00
яйца куриные вареные вкрутую;;12.90;;11.60;;0.80;;160.00;;49.00
яйца куриные вареные всмятку;;12.80;;11.60;;0.80;;159.00;;48.00
яйца куриные сырые;;12.70;;11.50;;0.70;;157.00;;47.00
